20171206081009
20171206232453
20171207080505
20171207160928
20171207231436
20171208040340
20171208080522
20171208144938
20171208231840
20171209080716
20171209231515
20171210052731
20171210080539
20171210090610
20171210231716
20171211030821
20171211080511
20171211201112
20171211232231
20171212080457
20171212232219
20171213080716
20171213231849
20171214012635
20171214080303
20171214212522
20171214231726
20171215080454
20171215231452
20171216080508
20171216231227
20171216233651
20171217195748
20171217231457
20171218084347
20171218103344
20171218210652
20171218231221
20171219080252
20171219231932
20171220003344
20171220080527
20171220090203
20171220212832
20171220231249
20171221080312
20171221231627
20171222000001
20171222024105
20171222080614
20171222091036
20171222191623
20171222211053
20171222231305
20171223081143
20171223234241
20171224080617
20171224104612
20171224231537
20171225080759
20171225084132
20171225205155
20171225231307
20171226050750
20171226062859
20171226080302
20171226092437
20171226142642
20171226231748
20171227064849
20171227080458
20171227231516
20171228080457
20171228231712
20171229014833
20171229080337
20171229231314
20171230080332
20171230114824
20171230231520
20171231080307
20171231130156
20171231161459
20171231231053
20180101080239
20180101090344
20180101231601
20180102080306
20180102170027
20180102195602
20180102204415
20180102231746
20180103080624
20180103092457
20180103155951
20180103190427
20180103190653
20180103191040
20180103191340
20180103191341
20180103191351
20180103191452
20180103193005
20180103193355
20180103193356
20180103193755
20180103193756
20180103200455
20180103201452
20180103201453
20180103232107
20180104080442
20180104111203
20180104142432
20180104232356
20180105080255
20180105155117
20180105180502
20180105214006
20180105231356
20180106080332
20180106231407
20180107044719
20180107080304
20180107115618
20180107231418
20180108041918
20180108080443
20180108143057
20180108231302
20180109054043
20180109080224
20180109231302
20180110040114
20180110080458
20180110090235
20180110231236
20180111032551
20180111080233
20180111231547
20180112020658
20180112080223
20180112232026
20180113024638
20180113080419
20180113231237
20180114025132
20180114080222
20180114231055
20180115023857
20180115080500
20180115204939
20180115231309
20180116080312
20180116151504
20180116231736
20180117080356
20180117231718
20180118080533
20180118231337
20180119080202
20180119231931
20180120080209
20180120090226
20180120231234
20180121080300
20180121231445
20180122080501
20180122173540
20180122231136
20180123080615
20180123174158
20180123220213
20180123220513
20180123231301
20180124080345
20180124112311
20180124173429
20180124203623
20180124212034
20180124231750
20180125080654
20180125102559
20180125231146
20180126080453
20180126231139
20180127080418
20180127231200
20180128080504
20180128231158
20180129080553
20180129133602
20180129211247
20180129231606
20180130013045
20180130080331
20180130222008
20180130231409
20180131051013
20180131173521
20180131204948
20180131231403
20180201031424
20180201080157
20180201090315
20180201231211
20180202080410
20180202170147
20180202184725
20180202211455
20180202211817
20180202231242
20180203080246
20180203212317
20180203215607
20180203231335
20180204080329
20180204150445
20180204231247
20180205080359
20180205155045
20180205231236
20180206034018
20180206080317
20180206222347
20180206231949
20180207080758
20180207170819
20180207170821
20180207170942
20180207170954
20180207170956
20180207181459
20180207182616
20180207204904
20180207232035
20180208080338
20180208163636
20180208231052
20180209080354
20180209231301
20180209234548
20180210080454
20180210090317
20180210231150
20180211080412
20180211231240
20180212080507
20180212224340
20180212231058
20180213080332
20180213171626
20180213231323
20180214080410
20180214154032
20180214204841
20180214231230
20180215080545
20180215205723
20180215231638
20180216080312
20180216231342
20180217080423
20180217231533
20180218080319
20180218231155
20180219080444
20180219231615
20180220080647
20180220090316
20180220231509
20180221080557
20180221212458
20180221231632
20180222080430
20180222230442
20180222231525
20180223080357
20180223231132
20180224080338
20180224231111
20180225080631
20180225231226
20180226080311
20180226231124
20180227080412
20180227144752
20180227213328
20180227213413
20180227213614
20180227223040
20180227231603
20180227233430
20180228080357
20180228091947
20180228210726
20180228231613
20180301080432
20180301090240
20180301232608
20180302080821
20180302170120
20180302200337
20180302204805
20180302231904
20180303080448
20180303231503
20180304080259
20180304231531
20180305080626
20180305155018
20180305231838
20180306080554
20180306142708
20180306142834
20180306164414
20180306231650
20180307080618
20180307175225
20180307205117
20180307231313
20180308080333
20180308231340
20180309080331
20180309230113
20180309231343
20180309232909
20180310080709
20180310090552
20180310113511
20180310231402
20180311080409
20180311231005
20180312080634
20180312132856
20180312231107
20180313074211
20180313080441
20180313132230
20180313160159
20180313174646
20180313174749
20180313231256
20180314080338
20180314211127
20180314215252
20180314231559
20180315080532
20180315231422
20180316080457
20180316231555
20180317080316
20180317231036
20180318080407
20180318231512
20180319080334
20180319231114
20180320080424
20180320090205
20180320163259
20180320164247
20180320231228
20180321080313
20180321193607
20180321193757
20180321194007
20180321204647
20180321220518
20180321231210
20180322080631
20180322231401
20180323080610
20180323130644
20180323231600
20180324080342
20180324213700
20180324214602
20180324231057
20180325080220
20180325093702
20180325213710
20180325231157
20180326080225
20180326093705
20180326213724
20180326231140
20180327080656
20180327093707
20180327155423
20180327213718
20180327231056
20180328080443
20180328093748
20180328161232
20180328185817
20180328205328
20180328213926
20180328231644
20180329080520
20180329093812
20180329140054
20180329213806
20180329231250
20180330080418
20180330093804
20180330213747
20180330231454
20180331080345
20180331093845
20180331213759
20180331231106
20180401080526
20180401090329
20180401093758
20180401142528
20180401213815
20180401231607
20180402080326
20180402093808
20180402170123
20180402195710
20180402204755
20180402213847
20180402231201
20180403080358
20180403093810
20180403213911
20180403231402
20180404080449
20180404093822
20180404155553
20180404193730
20180404205157
20180404213830
20180404231232
20180405080740
20180405093803
20180405154952
20180405182610
20180405213816
20180405231422
20180406080415
20180406093920
20180406165114
20180406213909
20180406231445
20180407080611
20180407091815
20180407093903
20180407213943
20180407231321
20180408080750
20180408093822
20180408213820
20180408231223
20180409080443
20180409093914
20180409213717
20180409231259
20180410080223
20180410090335
20180410093725
20180410143238
20180410213701
20180410231317
20180411080357
20180411093825
20180411172408
20180411210254
20180411213732
20180411231319
20180412080353
20180412093711
20180412213749
20180412231729
20180413080400
20180413093708
20180413213804
20180413231340
20180414080448
20180414093714
20180414211010
20180414213713
20180414231308
20180415080320
20180415093713
20180415213715
20180415231352
20180416080336
20180416093712
20180416170205
20180416213740
20180416231309
20180417080728
20180417093726
20180417213728
20180417231558
20180418080456
20180418093757
20180418145251
20180418193239
20180418193241
20180418204253
20180418213708
20180419035247
20180419080254
20180419093708
20180419213732
20180419231609
20180420080418
20180420093709
20180420111221
20180420111924
20180420111951
20180420113712
20180420164324
20180420181142
20180420213720
20180420231454
20180421080300
20180421093737
20180421112148
20180421213745
20180421231245
20180422080358
20180422093716
20180422112218
20180422213713
20180422231428
20180423080411
20180423093712
20180423112157
20180423151631
20180423164320
20180423213723
20180423231235
20180424080534
20180424093720
20180424174101
20180424203608
20180424215359
20180424232437
20180425004700
20180425080254
20180425093711
20180425114255
20180425203600
20180425205107
20180425213744
20180425231141
20180426080329
20180426093647
20180426135805
20180426213657
20180426231053
20180427080528
20180427093651
20180427213851
20180427231406
20180428080633
20180428093801
20180428213703
20180428231134
20180429080449
20180429093640
20180429213659
20180429231604
20180430080343
20180430093719
20180430213658
20180430234823
20180501080248
20180501090245
20180501093645
20180501213748
20180501231320
20180502080258
20180502093631
20180502170004
20180502192027
20180502195535
20180502204500
20180502204617
20180502213901
20180502231216
20180503080231
20180503093638
20180503135829
20180503191313
20180503202451
20180503212534
20180503213741
20180503231027
20180504012213
20180504080528
20180504093638
20180504192711
20180504213753
20180504232339
20180505080500
20180505093716
20180505213640
20180505231146
20180506080455
20180506093640
20180506213646
20180506231347
20180507080451
20180507093639
20180507213711
20180507231526
20180508080354
20180508093649
20180508201228
20180508213652
20180508231339
20180509080253
20180509093644
20180509205700
20180509213647
20180509213748
20180509231043
20180510080939
20180510090653
20180510093639
20180510135817
20180510213726
20180510231230
20180511080327
20180511093746
20180511213647
20180511231539
20180512080224
20180512093638
20180512213224
20180512213648
20180512231424
20180513080308
20180513093638
20180513213647
20180513231045
20180514080234
20180514093646
20180514130246
20180514213749
20180514231230
20180515080458
20180515093715
20180515201226
20180515213650
20180515231228
20180516080425
20180516093649
20180516143224
20180516205230
20180516213709
20180516231045
20180516231130
20180517080259
20180517093648
20180517213845
20180517231148
20180518080312
20180518093642
20180518213722
20180518231239
20180519080215
20180519093718
20180519213723
20180519231122
20180520080252
20180520093712
20180520223732
20180520223955
20180520231019
20180521080200
20180521093649
20180521213741
20180522080200
20180522093641
20180522201225
20180522213658
20180523080230
20180523093633
20180523213637
20180524080211
20180524093716
20180524094921
20180524192508
20180524213705
20180524231423
20180525080302
20180525093637
20180525213817
20180525231114
20180526080156
20180526093749
20180526213641
20180526231231
20180527080253
20180527093719
20180527213631
20180527231228
20180528080223
20180528093712
20180528131016
20180528172405
20180528213718
20180528231144
20180529080147
20180529093636
20180529143933
20180529201401
20180529213710
20180529231141
20180530080312
20180530093727
20180530164135
20180530164136
20180530204918
20180530213726
20180530231202
20180531080616
20180531093758
20180531141037
20180531213749
20180531231215
20180601080256
20180601090332
20180601093749
20180601213721
20180601231159
20180602080252
20180602093736
20180602143522
20180602170159
20180602211041
20180602214144
20180602233631
20180603083339
20180603093825
20180603213741
20180603231215
20180604081405
20180604093817
20180604213728
20180604231207
20180605080330
20180605093722
20180605201349
20180605213916
20180605231506
20180606080328
20180606093730
20180606224403
20180606230813
20180606231138
20180607010751
20180607085023
20180607102344
20180607164125
20180607213850
20180607231449
20180608080224
20180608093726
20180608185616
20180608213740
20180608231104
20180609080320
20180609093718
20180609213835
20180609231249
20180610060047
20180610080328
20180610090415
20180610093710
20180610213707
20180610231233
20180611011118
20180611080325
20180611093719
20180611213738
20180611231554
20180612080319
20180612093701
20180612201408
20180612213740
20180612231048
20180613080408
20180613093830
20180613140345
20180613140522
20180613151350
20180613204930
20180613213824
20180613231137
20180614080327
20180614093710
20180614213843
20180614231201
20180615080334
20180615093711
20180615184938
20180615213743
20180615231111
20180616080303
20180616093807
20180616213722
20180616231212
20180617080343
20180617093722
20180617213753
20180617231053
20180618080415
20180618093710
20180618213724
20180618231355
20180619080311
20180619093713
20180619150348
20180619183525
20180619184649
20180619201317
20180619213733
20180619231332
20180620080321
20180620093801
20180620154225
20180620164540
20180620180914
20180620213820
20180620214230
20180620231223
20180621023929
20180621080446
20180621093721
20180621170138
20180621213730
20180621231320
20180622080518
20180622093711
20180622171601
20180622213752
20180622231358
20180623080344
20180623093713
20180623213711
20180623231405
20180624080522
20180624093715
20180624213719
20180624231128
20180625080432
20180625093713
20180625142056
20180625213823
20180625231139
20180626080355
20180626093753
20180626201753
20180626214005
20180626231253
20180627014248
20180627080314
20180627093757
20180627205103
20180627213841
20180627231226
20180628080447
20180628093712
20180628133905
20180628213925
20180628231450
20180629080425
20180629093813
20180629213745
20180629231309
20180630080329
20180630093715
20180630213709
20180630231429
20180701080601
20180701090225
20180701093722
20180701142610
20180701213719
20180701231047
20180702080336
20180702093748
20180702170155
20180702204723
20180702213724
20180702231246
20180703080348
20180703093712
20180703153834
20180703201303
20180703213706
20180703231046
20180704080438
20180704093723
20180704205935
20180704213736
20180704224246
20180704231221
20180705080430
20180705081503
20180705093736
20180705102828
20180705104405
20180705213820
20180705224227
20180705231308
20180706134112
20180706174604
20180707080305
20180707093713
20180707213722
20180707231405
20180708080454
20180708093712
20180708145417
20180708145656
20180708213709
20180708231107
20180709080413
20180709093741
20180709161908
20180709162321
20180709163734
20180709165314
20180709180837
20180709213717
20180709231353
20180710080445
20180710090629
20180710093715
20180710143118
20180710201324
20180710213839
20180710231354
20180711080304
20180711093711
20180711192429
20180711204638
20180711213737
20180711231045
20180712080308
20180712093724
20180712213822
20180712231454
20180713080339
20180713093719
20180713213731
20180713231332
20180714080438
20180714093756
20180714213714
20180714231252
20180715080431
20180715093800
20180715213718
20180715231034
20180716080336
20180716093756
20180716213746
20180716231317
20180717080350
20180717093711
20180717201257
20180717213717
20180717231150
20180718080311
20180718093708
20180718145157
20180718204238
20180718213715
20180718231231
20180719080332
20180719093712
20180719213722
20180719231247
20180720080402
20180720093712
20180720164333
20180720213718
20180720224420
20180720231219
20180721080354
20180721093704
20180721104347
20180721213709
20180721224335
20180721231035
20180722080352
20180722093711
20180722104339
20180722213750
20180722224420
20180722231003
20180723080229
20180723093705
20180723104350
20180723213746
20180723224350
20180723231317
20180724080341
20180724093714
20180724104340
20180724201307
20180724203615
20180724213723
20180724224337
20180724231211
20180725080515
20180725093715
20180725104349
20180725204551
20180725213718
20180725224401
20180725231737
20180726080315
20180726093708
20180726104401
20180726213755
20180726224409
20180726231447
20180727080357
20180727093712
20180727104356
20180727203518
20180727213807
20180727224457
20180727231120
20180728080510
20180728093720
20180728104405
20180728115614
20180728213721
20180728224402
20180728231138
20180729080358
20180729093802
20180729104400
20180729213709
20180729224427
20180729231148
20180730080346
20180730093800
20180730104350
20180730143956
20180730213719
20180730224500
20180730231213
20180731080455
20180731093715
20180731104359
20180731143635
20180731175240
20180731201329
20180731213912
20180731224648
20180731231608
20180801084314
20180801101924
20180801101931
20180801111848
20180801120957
20180801205038
20180801213920
20180801230833
20180801232232
20180802080745
20180802093905
20180802104555
20180802165917
20180802170349
20180802204645
20180802213832
20180802224424
20180802231249
20180803080328
20180803093709
20180803104500
20180803162523
20180803193255
20180803213725
20180803224413
20180803232451
20180804080411
20180804093718
20180804104354
20180804213711
20180804224428
20180804231249
20180805080330
20180805093713
20180805104352
20180805214349
20180805224356
20180805231451
20180806080311
20180806093717
20180806104350
20180806213722
20180806224413
20180806231336
20180807080402
20180807093714
20180807104342
20180807201353
20180807203749
20180807213716
20180807224449
20180807231343
20180808080301
20180808093753
20180808104418
20180808134218
20180808210442
20180808213732
20180808224517
20180808231154
20180809080510
20180809093717
20180809104409
20180809213747
20180809224423
20180809231232
20180810080511
20180810091014
20180810093732
20180810104414
20180810183537
20180810213008
20180810224433
20180810231158
20180811080457
20180811092950
20180811104439
20180811212956
20180811224355
20180811231231
20180812080410
20180812093004
20180812104354
20180812212949
20180812224401
20180812231322
20180813010834
20180813080344
20180813092957
20180813104403
20180813174309
20180813203435
20180813213042
20180813224405
20180813231236
20180814080406
20180814092945
20180814104436
20180814201320
20180814213028
20180814224507
20180814231130
20180815080250
20180815093046
20180815104350
20180815181102
20180815211240
20180815213022
20180815224509
20180815231243
20180816080305
20180816092956
20180816104350
20180816162749
20180816210004
20180816213017
20180816224425
20180816231326
20180817080306
20180817092949
20180817104435
20180817213008
20180817215141
20180817224409
20180817231320
20180818080338
20180818093015
20180818104406
20180818213055
20180818224355
20180818231119
20180819005759
20180819080623
20180819092953
20180819104400
20180819212946
20180819224359
20180819231257
20180820005215
20180820080435
20180820092941
20180820104344
20180820164433
20180820213046
20180820224443
20180820231509
20180821002039
20180821080314
20180821092951
20180821104443
20180821201303
20180821213040
20180821224405
20180821231216
20180822020837
20180822080231
20180822092941
20180822104401
20180822210349
20180822213012
20180822224413
20180822231652
20180823004418
20180823080359
20180823093205
20180823104418
20180823213133
20180823224434
20180823231447
20180824021545
20180824080412
20180824093013
20180824104417
20180824213014
20180824224518
20180824231150
20180825080305
20180825092954
20180825104429
20180825130137
20180825213128
20180825224356
20180825231112
20180826080344
20180826092957
20180826104454
20180826213016
20180826224358
20180826231029
20180827080358
20180827093005
20180827104429
20180827213046
20180827224428
20180827231256
20180828080248
20180828083403
20180828093112
20180828104458
20180828201453
20180828213055
20180828224430
20180828225021
20180828231718
20180829080226
20180829093043
20180829104354
20180829104515
20180829192437
20180829213033
20180829213438
20180829213627
20180829224508
20180829231150
20180830080421
20180830092958
20180830104416
20180830134057
20180830192002
20180830213032
20180830224526
20180830231309
20180831080433
20180831092957
20180831104350
20180831134350
20180831191702
20180831213019
20180831224541
20180831231748
20180901080253
20180901090439
20180901092952
20180901104404
20180901115436
20180901191457
20180901213100
20180901224428
20180901231343
20180902080525
20180902092954
20180902104448
20180902170125
20180902191517
20180902205149
20180902212958
20180902224427
20180902231207
20180903080324
20180903092958
20180903104347
20180903131152
20180903191516
20180903212949
20180903224344
20180903231218
20180904080340
20180904092954
20180904104446
20180904130807
20180904191600
20180904194410
20180904201310
20180904213037
20180904224405
20180904231332
20180905080407
20180905093024
20180905104425
20180905153625
20180905191508
20180905213007
20180905213411
20180905224356
20180905231505
20180906080336
20180906093016
20180906104421
20180906174835
20180906191509
20180906192842
20180906213012
20180906224419
20180906231445
20180907080339
20180907093007
20180907104407
20180907191651
20180907213055
20180907224443
20180907231301
20180908080341
20180908092955
20180908104351
20180908191547
20180908213025
20180908224436
20180908231203
20180909080328
20180909092954
20180909104353
20180909191522
20180909213029
20180909224358
20180909231146
20180910080327
20180910090446
20180910092942
20180910104346
20180910191410
20180910212955
20180910224442
20180910231237
20180911005527
20180911080233
20180911092941
20180911104356
20180911191446
20180911201417
20180911213134
20180911224640
20180911231618
20180912080351
20180912093001
20180912104445
20180912191740
20180912210933
20180912213152
20180912222218
20180912224701
20180912231426
20180913080234
20180913092945
20180913104401
20180913191749
20180913213044
20180913221056
20180913224543
20180913231630
20180914080346
20180914093044
20180914104350
20180914191756
20180914213139
20180914224606
20180914232332
20180915080239
20180915093013
20180915104403
20180915191532
20180915213011
20180915224723
20180915232218
20180916080337
20180916092952
20180916104341
20180916113915
20180916191606
20180916213049
20180916224433
20180916231410
20180917080442
20180917092952
20180917104354
20180917191833
20180917213921
20180917224437
20180917231050
20180918080249
20180918093128
20180918104404
20180918191504
20180918201754
20180918213047
20180918224432
20180918231343
20180919080235
20180919093006
20180919104430
20180919191717
20180919210545
20180919213631
20180919224438
20180919231301
20180920080340
20180920093118
20180920104354
20180920164706
20180920191628
20180920213219
20180920224618
20180920231810
20180921080236
20180921093103
20180921104421
20180921191916
20180921213126
20180921224744
20180921231522
20180922080352
20180922093107
20180922104545
20180922192117
20180922213047
20180922224528
20180922231458
20180923012843
20180923080448
20180923093111
20180923104538
20180923191746
20180923213011
20180923224357
20180923231138
20180924080419
20180924092949
20180924104356
20180924182028
20180924191759
20180924213718
20180924225143
20180924231807
20180925080841
20180925093157
20180925104640
20180925133529
20180925191625
20180925201645
20180925213202
20180925224903
20180925231542
20180926081135
20180926093505
20180926104602
20180926191802
20180926211922
20180926212150
20180926213207
20180926224509
20180926232859
20180927080334
20180927093009
20180927104444
20180927191704
20180927213015
20180927214447
20180927224456
20180927231412
20180928080510
20180928092959
20180928104344
20180928191757
20180928213146
20180928224440
20180928231544
20180929035115
20180929080442
20180929093000
20180929104416
20180929191526
20180929212952
20180929224443
20180929231221
20180930050758
20180930080307
20180930092959
20180930104400
20180930191459
20180930212948
20180930224355
20180930231401
20181001040658
20181001080427
20181001093054
20181001104346
20181001111509
20181001141748
20181001191857
20181001213455
20181001224905
20181001232242
20181002075225
20181002080418
20181002173058
20181002192747
20181002193014
20181002194138
20181002202314
20181002205225
20181002214236
20181002225254
20181002232637
20181003080656
20181003093209
20181003104700
20181003110406
20181003193736
20181003212248
20181003214230
20181003225538
20181003232756
20181004093536
20181004104835
20181004193618
20181004194415
20181004200045
20181004215733
20181004225321
20181004233238
20181005080341
20181005093601
20181005133734
20181005193520
20181005214127
20181005225103
20181006081037
20181006093310
20181006104607
20181006192302
20181006213423
20181006224844
20181006231815
20181007080344
20181007093100
20181007104519
20181007145433
20181007191605
20181007200010
20181007213123
20181007224515
20181007231307
20181008051844
20181008080524
20181008093104
20181008104544
20181008192802
20181008213833
20181008224907
20181008232017
20181009080451
20181009093106
20181009104505
20181009193503
20181009203140
20181009214208
20181010002812
20181010070540
20181010080542
20181010090754
20181010093318
20181010104625
20181010143838
20181010192531
20181010194208
20181010215340
20181010233741
20181011040700
20181011081109
20181011134848
20181011141413
20181011142130
20181011154010
20181011171722
20181011203805
20181011220921
20181011230611
20181012000143
20181012083020
20181012095744
20181012111108
20181012220525
20181013013140
20181013014920
20181013023213
20181013084412
20181013095701
20181013110132
20181013194811
20181013215851
20181013231120
20181013234708
20181014161044
20181014192831
20181014195233
20181014221548
20181014231212
20181014235204
20181015055721
20181015193635
20181015213353
20181015225251
20181015232801
20181016035305
20181016080944
20181016093832
20181016105008
20181016193354
20181016202355
20181016220738
20181016230359
20181016233917
20181017080810
20181017093542
20181017104706
20181017194200
20181017221656
20181017232058
20181017235605
20181018003630
20181018034604
20181018081012
20181018093241
20181018105326
20181018152624
20181018220016
20181018232226
20181019015928
20181019020404
20181019021033
20181019080219
20181019092950
20181019104415
20181019200741
20181019210017
20181019224242
20181019224923
20181019233616
20181020080504
20181020093034
20181020112926
20181020191722
20181020213407
20181020224352
20181020231346
20181021080344
20181021093032
20181021104443
20181021192330
20181021213131
20181021224421
20181021231158
20181022080446
20181022093145
20181022104848
20181022191817
20181022213057
20181022231446
20181023032909
20181023093008
20181023104350
20181023170636
20181023200915
20181023211518
20181023211653
20181023213114
20181023224438
20181023231649
20181024080435
20181024093029
20181024104519
20181024191808
20181024192714
20181024204407
20181024211956
20181024213204
20181024224820
20181024232035
20181025093053
20181025104356
20181025192250
20181025213100
20181025224352
20181026040606
20181026080354
20181026093117
20181026104734
20181026191757
20181026213057
20181026224603
20181027080239
20181027104520
20181027191910
20181027193320
20181027213237
20181027224417
20181027231735
20181028080514
20181028093021
20181028104453
20181028113554
20181028192122
20181028213037
20181028224422
20181028233143
20181029080259
20181029093001
20181029104430
20181029191800
20181029213352
20181029224511
20181029231704
20181030093038
20181030104515
20181030192304
20181030195738
20181030213138
20181030224616
20181030233109
20181031081111
20181031093053
20181031104417
20181031114219
20181031192844
20181031205208
20181031213039
20181031224456
20181031231417
20181101080237
20181101090604
20181101093039
20181101104351
20181101121212
20181101192028
20181101224533
20181101231432
20181102080321
20181102093602
20181102104804
20181102172311
20181102192436
20181102210247
20181102213545
20181102224505
20181102231625
20181103080847
20181103093448
20181103105425
20181103191535
20181103220427
20181103224820
20181103233001
20181104081137
20181104093017
20181104104941
20181104200227
20181104200354
20181104224832
20181104224929
20181104232651
20181105092620
20181105184130
20181105184257
20181105202652
20181105220825
20181105224415
20181105233453
20181106080430
20181106093114
20181106104716
20181106191614
20181106201316
20181106213007
20181106224505
20181106231349
20181107080420
20181107104459
20181107182919
20181107191536
20181107204933
20181107211755
20181107212950
20181107224507
20181107231404
20181108080234
20181108104353
20181108192929
20181108201354
20181108224628
20181108234304
20181109080355
20181109191959
20181109215834
20181109221845
20181110182739
20181110182801
20181110183156
20181110183253
20181110184216
20181110191925
20181110214627
20181110224357
20181110231338
20181111080222
20181111093029
20181111104353
20181112020745
20181112034842
20181112114623
20181112131907
20181112132044
20181112132310
20181112135536
20181112204912
20181112212958
20181112224400
20181112230633
20181112231354
20181113032226
20181113080202
20181113092943
20181113104522
20181113192223
20181113201550
20181113213219
20181113234333
20181114002400
20181114080224
20181114093053
20181114104534
20181114191927
20181114210259
20181114212955
20181114224419
20181114231358
20181115080244
20181115093042
20181115104454
20181115191859
20181115213103
20181115224505
20181115231431
20181116080345
20181116093040
20181116104408
20181116191848
20181116213009
20181116224411
20181116231755
20181117080316
20181117093005
20181117104400
20181117192119
20181117213009
20181117224431
20181117231410
20181118080339
20181118092952
20181118104355
20181118124510
20181118191834
20181118212956
20181118224355
20181118231610
20181119080254
20181119093031
20181119104351
20181119191536
20181119212958
20181119224429
20181119231416
20181120080308
20181120092959
20181120104403
20181120164402
20181120191817
20181120201358
20181121080411
20181121093055
20181121104401
20181121192542
20181121205804
20181121211513
20181121213150
20181121213444
20181121214830
20181121224528
20181121232844
20181122080259
20181122092954
20181122104400
20181122191640
20181122212946
20181122224351
20181122231835
20181123082415
20181123093503
20181123104751
20181123200113
20181123213325
20181123225913
20181124010052
20181124085103
20181124093145
20181124111151
20181124192102
20181124215317
20181124224824
20181125014126
20181125084604
20181125092958
20181125104355
20181125213008
20181126004247
20181126004749
20181126080240
20181126092948
20181126104353
20181126191908
20181126214205
20181126224448
20181127002217
20181127015324
20181127025821
20181127043237
20181127080413
20181127093048
20181127104546
20181127191740
20181127233526
20181128001337
20181128001342
20181128002240
20181128080225
20181128090310
20181128093112
20181128104707
20181128192109
20181128211644
20181128213101
20181128224429
20181128231330
20181129080228
20181129093008
20181129104515
20181129191655
20181129213003
20181129224400
20181129231415
20181130080328
20181130093029
20181130104358
20181130191516
20181130213007
20181130224404
20181130231339
20181201020242
20181201080326
20181201092949
20181201104402
20181201191758
20181201213033
20181201224509
20181201231507
20181202080221
20181202093036
20181202104347
20181202170603
20181202191654
20181202204641
20181202213034
20181202224403
20181202231418
20181203030522
20181203080320
20181203093033
20181203104417
20181203191600
20181203212958
20181203224414
20181203231522
20181204080322
20181204092949
20181204104358
20181204191616
20181204201259
20181204213006
20181204224441
20181204231812
20181205080336
20181205093032
20181205104413
20181205175110
20181205192141
20181205210336
20181205213028
20181205224413
20181205231654
20181206080327
20181206093033
20181206104550
20181206191658
20181206213109
20181206224617
20181206231654
20181207080257
20181207092954
20181207104403
20181207191815
20181207213017
20181207224352
20181207231413
20181208051238
20181208080312
20181208093038
20181208104532
20181208191934
20181208213029
20181208224511
20181208231445
20181209080216
20181209093032
20181209104403
20181209191749
20181209213000
20181209224507
20181209231427
20181210080427
20181210093112
20181210104825
20181210191651
20181210213111
20181210224423
20181210231627
20181211080307
20181211093027
20181211104414
20181211191653
20181211201305
20181211213039
20181211224551
20181211231442
20181212080244
20181212093011
20181212104419
20181212192153
20181212210823
20181212213014
20181212224506
20181212231618
20181213080313
20181213093019
20181213104400
20181213192015
20181213213028
20181213224438
20181213231732
20181214080237
20181214092954
20181214104443
20181214191518
20181214212952
20181214224359
20181214233822
20181215080335
20181215093006
20181215104451
20181215192310
20181215213026
20181215224403
20181215231327
20181216080420
20181216093030
20181216104504
20181216192031
20181216212943
20181216224406
20181216231356
20181217080329
20181217093005
20181217104410
20181217191946
20181217212951
20181217224451
20181217231430
20181218080345
20181218093109
20181218104353
20181218113324
20181218201354
20181218201446
20181218203753
20181218213139
20181218224548
20181218231939
20181219015743
20181219080308
20181219093025
20181219104351
20181219192117
20181219210626
20181219213003
20181219215757
20181219224415
20181219231358
20181220080247
20181220092947
20181220104458
20181220164847
20181220192043
20181220213037
20181220224403
20181220231550
20181221080308
20181221092947
20181221104415
20181221191626
20181221194315
20181221201300
20181221203647
20181221213257
20181221224707
20181221232059
20181222080246
20181222092957
20181222104524
20181222191907
20181222213049
20181222215637
20181222224451
20181222231349
20181223080319
20181223093032
20181223104432
20181223192320
20181223213101
20181223224602
20181223231640
20181224080333
20181224093041
20181224101414
20181224104355
20181224191740
20181224213130
20181224224531
20181224231648
20181225080320
20181225093123
20181225104431
20181225191501
20181225201439
20181225213059
20181225224415
20181225231321
20181226080244
20181226092958
20181226104404
20181226191833
20181226210146
20181226213003
20181226224407
20181226231751
20181227080248
20181227092947
20181227104351
20181227183504
20181227191518
20181227213122
20181227224553
20181227231245
20181228080311
20181228093043
20181228104654
20181228191947
20181228213004
20181228224354
20181228231633
20181229080441
20181229093006
20181229104500
20181229191438
20181229213105
20181229224439
20181229232322
20181230080354
20181230093000
20181230104356
20181230191603
20181230212957
20181230224517
20181230231523
20181231081124
20181231191533
20181231201553
20181231201605
20181231213055
20181231224401
20181231231547
20190101080318
20190101093049
20190101104600
20190101131331
20190101191520
20190101201330
20190101212957
20190101224421
20190101231344
20190102080357
20190102104409
20190102170210
20190102191647
20190102204947
20190102205650
20190102213052
20190102224439
20190102232019
20190103180831
20190103221759
20190104011212
20190104080242
20190104101708
20190104104410
20190104191924
20190104213352
20190104224749
20190104232820
20190105080236
20190105093000
20190105104358
20190105191537
20190105213001
20190105224353
20190105231302
20190106080233
20190106092951
20190106095942
20190106104400
20190106191625
20190106212947
20190106224354
20190106231249
20190107080238
20190107092955
20190107104350
20190107191841
20190107213046
20190107224435
20190107231437
20190108080230
20190108093000
20190108104406
20190108191719
20190108201319
20190108213023
20190108224357
20190108231144
20190109080222
20190109092958
20190109104355
20190109191942
20190109211526
20190109213030
20190109224604
20190109231908
20190110080303
20190110093007
20190110104430
20190110191908
20190110213037
20190110224426
20190110231341
20190111080238
20190111092957
20190111104413
20190111192035
20190111213008
20190111224417
20190111231834
20190112080230
20190112093003
20190112104444
20190112191543
20190112213004
20190112224403
20190112231251
20190113080229
20190113093011
20190113104406
20190113191735
20190113213024
20190113224408
20190113231707
20190114024306
20190114080208
20190114092956
20190114104500
20190114192141
20190114213106
20190114224514
20190114231334
20190115080504
20190115093030
20190115104532
20190115191948
20190115201751
20190115213024
20190115224507
20190115233504
20190116080329
20190116093027
20190116104455
20190116192230
20190116212415
20190116213018
20190116224622
20190116232232
20190117080237
20190117092958
20190117104430
20190117191940
20190117212950
20190117224406
20190117231544
20190118080226
20190118093030
20190118104639
20190118184119
20190118191449
20190118203625
20190118212956
20190118224403
20190118225731
20190118231340
20190119080308
20190119093222
20190119104356
20190119192029
20190119212955
20190119224402
20190119231534
20190120005526
20190120080318
20190120093010
20190120104403
20190120191548
20190120213001
20190120224412
20190120231425
20190121080224
20190121092950
20190121104443
20190121191900
20190121212959
20190121224432
20190121231345
20190122080238
20190122092948
20190122104451
20190122124326
20190122163342
20190122192013
20190122201335
20190122213057
20190122224413
20190122231550
20190122235546
20190123080248
20190123093025
20190123104415
20190123163341
20190123191435
20190123212046
20190123213001
20190123224410
20190123231556
20190124080247
20190124093005
20190124104400
20190124163338
20190124191830
20190124203659
20190124213011
20190124224427
20190124231142
20190125080235
20190125093023
20190125104357
20190125163408
20190125191445
20190125213009
20190125224412
20190125231336
20190126080228
20190126092950
20190126104409
20190126163358
20190126192928
20190126213005
20190126224403
20190126231706
20190127080233
20190127092954
20190127104405
20190127163328
20190127191651
20190127212957
20190127224416
20190127231153
20190128080428
20190128093008
20190128104418
20190128163346
20190128191527
20190128213012
20190128224444
20190128231647
20190129080229
20190129093003
20190129104415
20190129163335
20190129185122
20190129191657
20190129201411
20190129213005
20190129224409
20190129231423
20190130000215
20190130080247
20190130092953
20190130104356
20190130163322
20190130191629
20190130205040
20190130212957
20190130224439
20190130231447
20190131080307
20190131093004
20190131104446
20190131163336
20190131192235
20190131213012
20190131224433
20190131231325
20190201033145
20190201080308
20190201092959
20190201104413
20190201163339
20190201191736
20190201213008
20190201224432
20190201231530
20190202080310
20190202093015
20190202104413
20190202163332
20190202170101
20190202191434
20190202204644
20190202212945
20190202224337
20190202231330
20190203012447
20190203012509
20190203012531
20190203012533
20190203080248
20190203092949
20190203104403
20190203163347
20190203191704
20190203212950
20190203224400
20190203231356
20190204080232
20190204092938
20190204104356
20190204163316
20190204191726
20190204194759
20190204213051
20190204224427
20190204231351
20190205013908
20190205080304
20190205092951
20190205104409
20190205163318
20190205191229
20190205191635
20190205201347
20190205212943
20190205224413
20190205231301
20190205231331
20190205235155
20190206080321
20190206092942
20190206104350
20190206163342
20190206191624
20190206211656
20190206212942
20190206224404
20190206231105
20190207021513
20190207080320
20190207092940
20190207104349
20190207163332
20190207191540
20190207195337
20190207212941
20190207224402
20190207231448
20190208041256
20190208080303
20190208092948
20190208104416
20190208165243
20190208191418
20190208213012
20190208224404
20190208231324
20190209013427
20190209080330
20190209092947
20190209104405
20190209163349
20190209191710
20190209212959
20190209224414
20190209231515
20190210024039
20190210080218
20190210092949
20190210104348
20190210164033
20190210191619
20190210212953
20190210224409
20190210231118
20190210232906
20190210232907
20190210233324
20190211032359
20190211080321
20190211092956
20190211104355
20190211163417
20190211191629
20190211213010
20190211224429
20190211231709
20190212063043
20190212071351
20190212071352
20190212071410
20190212071640
20190212071821
20190212073107
20190212080328
20190212080404
20190212093005
20190212093030
20190212104403
20190212104419
20190212133642
20190212163340
20190212163437
20190212191628
20190212201339
20190212212954
20190212224508
20190212231234
20190212233657
20190212234710
20190213034005
20190213080342
20190213092953
20190213104413
20190213163930
20190213191722
20190213211209
20190213213015
20190213224418
20190213231155
20190214080305
20190214092948
20190214104358
20190214120724
20190214163355
20190214191839
20190214213039
20190214224426
20190214231802
20190215080333
20190215093015
20190215104403
20190215163353
20190215191620
20190215213024
20190215224449
20190215231344
20190216080348
20190216093015
20190216104425
20190216163452
20190216192446
20190216213012
20190216224412
20190216231555
20190217080343
20190217093013
20190217104423
20190217163345
20190217191548
20190217213018
20190217224427
20190217231225
20190218080431
20190218093012
20190218104419
20190218163617
20190218192929
20190218203808
20190218213015
20190218224422
20190218231535
20190219080413
20190219093021
20190219163451
20190219184946
20190219192703
20190219203006
20190219213246
20190219224451
20190219231957
20190220002744
20190220002759
20190220003012
20190220003235
20190220004315
20190220004528
20190220012101
20190220030227
20190220031334
20190220093015
20190220104403
20190220104425
20190220154434
20190220163606
20190220163704
20190220191727
20190220192054
20190220211742
20190220213040
20190220224425
20190220225158
20190220232111
20190220232836
20190221080440
20190221093009
20190221104354
20190221163444
20190221192948
20190221214056
20190221224439
20190221232314
20190222080717
20190222163425
20190222173445
20190222173525
20190222191640
20190222213047
20190222231724
20190223011426
20190223080329
20190223093004
20190223104442
20190223163344
20190223174005
20190223192053
20190223213003
20190223224416
20190223231217
20190224080335
20190224093005
20190224104407
20190224163322
20190224193601
20190224213020
20190224224630
20190224231339
20190225081543
20190225093012
20190225104543
20190225163335
20190225192825
20190225213453
20190225233620
20190225233943
20190226081716
20190226093120
20190226104415
20190226163426
20190226192447
20190226201629
20190226213200
20190226224556
20190226231839
20190227005154
20190227080941
20190227093021
20190227104418
20190227163329
20190227192101
20190227211333
20190227213541
20190227224735
20190227231917
20190227231941
20190228080243
20190228093012
20190228104412
20190228163406
20190228192020
20190228213041
20190228224601
20190228231421
20190301093001
20190301094228
20190301104441
20190301163351
20190301180057
20190301191740
20190301213014
20190301224410
20190301231220
20190302080737
20190302093010
20190302104416
20190302163441
20190302170012
20190302191603
20190302204544
20190302212950
20190302224411
20190302231249
20190303080303
20190303093009
20190303104400
20190303163414
20190303191654
20190303213002
20190303224402
20190303231358
20190304080938
20190304092949
20190304104346
20190304163420
20190304191734
20190304195359
20190304213011
20190304224552
20190304231752
20190305080303
20190305093006
20190305104354
20190305163348
20190305191419
20190305201310
20190305213008
20190305224409
20190305231742
20190305235401
20190306080302
20190306093032
20190306104404
20190306163613
20190306191855
20190306213111
20190306220508
20190306224513
20190306232046
20190307080344
20190307093015
20190307104426
20190307105706
20190307123418
20190307163340
20190307191711
20190307203416
20190307213035
20190307224516
20190307231141
20190308080913
20190308093011
20190308104405
20190308143839
20190308163346
20190308191927
20190308213029
20190308224435
20190308231839
20190309081049
20190309093031
20190309104420
20190309163337
20190309180926
20190309191656
20190309213109
20190309224413
20190309231121
20190310080627
20190310092958
20190310104403
20190310163342
20190310190310
20190310191742
20190310213010
20190310224435
20190310231053
20190311080250
20190311092952
20190311104426
20190311163406
20190311182122
20190311191801
20190311213016
20190311224523
20190311231417
20190312024826
20190312080327
20190312093025
20190312104431
20190312162816
20190312163422
20190312191729
20190312195212
20190312201318
20190312213101
20190312224510
20190312231238
20190313001938
20190313080453
20190313093157
20190313104542
20190313163448
20190313191531
20190313195807
20190313210642
20190313213115
20190313224503
20190313231345
20190314080253
20190314093022
20190314104425
20190314145637
20190314163400
20190314191819
20190314213039
20190314224449
20190314231241
20190315012843
20190315080228
20190315093017
20190315104444
20190315163615
20190315191802
20190315213129
20190315224658
20190315231506
20190315233213
20190316004404
20190316132248
20190316192412
20190316192711
20190316203004
20190316224432
20190316230139
20190316231303
20190316232651
20190317040701
20190317080225
20190317092954
20190317104454
20190317191604
20190317213024
20190317224519
20190317231217
20190318080249
20190318093016
20190318104451
20190318191756
20190318203626
20190318213006
20190318224448
20190318231440
20190319080419
20190319093116
20190319104447
20190319191720
20190319201320
20190319210457
20190319213009
20190319224516
20190319231416
20190319235124
20190320080451
20190320093210
20190320104420
20190320192051
20190320202518
20190320204738
20190320213131
20190320224801
20190320232426
20190321023559
20190321080252
20190321092956
20190321104354
20190321132912
20190321192224
20190321194421
20190321213057
20190321224516
20190321231119
20190322041710
20190322080344
20190322092956
20190322104420
20190322191607
20190322205144
20190322213011
20190322224404
20190322231255
20190323055815
20190323080354
20190323085037
20190323093026
20190323104425
20190323191629
20190323205106
20190323213008
20190323224420
20190323231158
20190324062500
20190324080258
20190324084858
20190324093011
20190324104355
20190324191452
20190324205313
20190324212957
20190324224402
20190324231218
20190325075741
20190325080303
20190325085138
20190325093005
20190325104354
20190325191601
20190325205545
20190325213009
20190325224411
20190325231833
20190326080348
20190326085401
20190326092954
20190326104419
20190326191651
20190326201336
20190326205707
20190326213010
20190326224419
20190326231318
20190326235809
20190327080342
20190327085440
20190327093013
20190327104400
20190327192100
20190327202647
20190327204939
20190327205553
20190327213040
20190327224446
20190327231317
20190328080328
20190328085205
20190328093002
20190328104421
20190328145944
20190328191726
20190328202629
20190328205324
20190328213032
20190328224602
20190328231523
20190329025509
20190329080326
20190329085030
20190329093010
20190329104411
20190329191618
20190329205519
20190329213034
20190329224434
20190329231602
20190330033253
20190330080303
20190330083237
20190330085509
20190330092952
20190330104411
20190330191654
20190330205605
20190330212955
20190330224408
20190330231205
20190331041050
20190331080423
20190331085403
20190331093020
20190331104421
20190331105605
20190331105647
20190331120346
20190331133112
20190331191810
20190331205022
20190331213006
20190331224419
20190331231313
20190401054120
20190401080305
20190401085629
20190401092956
20190401104356
20190401125044
20190401130741
20190401191741
20190401205356
20190401213048
20190401224427
20190401231344
20190402003329
20190402062245
20190402080358
20190402085411
20190402093016
20190402104404
20190402153602
20190402170127
20190402191433
20190402201312
20190402204551
20190402210118
20190402213020
20190402224433
20190402231453
20190402234302
20190403080623
20190403085402
20190403093025
20190403104428
20190403191505
20190403202548
20190403205416
20190403213024
20190403213220
20190403224552
20190403231332
20190404052907
20190404080343
20190404085744
20190404093034
20190404104419
20190404191440
20190404205702
20190404213044
20190404224416
20190404231233
20190405034310
20190405061519
20190405153830
20190405153831
20190405154004
20190405155932
20190405191437
20190405205645
20190405213008
20190405224431
20190405231130
20190406063535
20190406184532
20190406232048
20190406232412
20190407003410
20190407031027
20190407032630
20190407033824
20190407064315
20190407075540
20190407181345
20190407184208
20190407192200
20190407201708
20190407201755
20190408104904
20190408172029
20190408172306
20190408190616
20190408190633
20190408192153
20190408214634
20190408223739
20190408235308
20190409031656
20190409032956
20190409033508
20190409033843
20190409035028
20190409041049
20190409080333
20190409085559
20190409093018
20190409104433
20190409110211
20190409124850
20190409191701
20190409201356
20190409205742
20190409212957
20190409224436
20190409231052
20190410000105
20190410043436
20190410080412
20190410085729
20190410090632
20190410093042
20190410104423
20190410125828
20190410190850
20190410191619
20190410202507
20190410205051
20190410210324
20190410213030
20190410224421
20190410231734
20190411071158
20190411080352
20190411085532
20190411085707
20190411093021
20190411101757
20190411104533
20190411173255
20190411184513
20190411184724
20190411184832
20190411191827
20190411205912
20190411212958
20190411224514
20190411231220
20190412043630
20190412080308
20190412084929
20190412085104
20190412093023
20190412104433
20190412191813
20190412205401
20190412213104
20190412224517
20190412231056
20190413041142
20190413080318
20190413085434
20190413093009
20190413104419
20190413180608
20190413191513
20190413205006
20190413212952
20190413224408
20190413231214
20190414050440
20190414080318
20190414085012
20190414093020
20190414104423
20190414191644
20190414205535
20190414213001
20190414224419
20190414231134
20190415072435
20190415080352
20190415085619
20190415092956
20190415104351
20190415191710
20190415205357
20190415213014
20190415224407
20190415231314
20190416071942
20190416080337
20190416085056
20190416093000
20190416104353
20190416191629
20190416201257
20190416205601
20190416213034
20190416224406
20190416231307
20190416235002
20190417074745
20190417080259
20190417085511
20190417092952
20190417104410
20190417191615
20190417202608
20190417205043
20190417210234
20190417213013
20190417224707
20190417231230
20190418080339
20190418085111
20190418093010
20190418104412
20190418145854
20190418191453
20190418203635
20190418205514
20190418213017
20190418224442
20190418231404
20190419042054
20190419080319
20190419085511
20190419093018
20190419104431
20190419120726
20190419191909
20190419204959
20190419213012
20190419224410
20190419231332
20190420080330
20190420085115
20190420092957
20190420104401
20190420124418
20190420191552
20190420205040
20190420212954
20190420215335
20190420224415
20190420231226
20190421032155
20190421080312
20190421085614
20190421092958
20190421104448
20190421115105
20190421192146
20190421205454
20190421212958
20190421224412
20190421231312
20190422080318
20190422085343
20190422092959
20190422104409
20190422114100
20190422192324
20190422205459
20190422213004
20190422224412
20190422231214
20190423080304
20190423085345
20190423092955
20190423104402
20190423105629
20190423151652
20190423160838
20190423191924
20190423201317
20190423210747
20190423213001
20190423224434
20190423231439
20190423235914
20190424080323
20190424085349
20190424093018
20190424104426
20190424191818
20190424202506
20190424203712
20190424205223
20190424210320
20190424213009
20190424224509
20190424231412
20190425080343
20190425085310
20190425093007
20190425104457
20190425192136
20190425205610
20190425213016
20190425224928
20190425232054
20190426080641
20190426085445
20190426093038
20190426104425
20190426191545
20190426205426
20190426213158
20190426224741
20190426231400
20190427080333
20190427090626
20190427093101
20190427104534
20190427191641
20190427205651
20190427213133
20190427224509
20190427231731
20190428080317
20190428085228
20190428104456
20190428192431
20190428202652
20190428205555
20190428213123
20190428224436
20190428231447
20190429053442
20190429080314
20190429085436
20190429093003
20190429104434
20190429192146
20190429222208
20190429224751
20190429225443
20190429231408
20190430121437
20190430121453
20190430121502
20190430121941
20190430172852
20190430194800
20190430213051
20190430213248
20190430214005
20190501002851
20190501003331
20190501005657
20190501090955
20190501091506
20190501122146
20190501122222
20190501151336
20190501162850
20190501210009
20190501210205
20190501212911
20190501214314
20190501214545
20190501233241
20190501233906
20190502080407
20190502090505
20190502093041
20190502104554
20190502170741
20190502192601
20190502200029
20190502204824
20190502205758
20190502213122
20190502225319
20190502231509
20190503080346
20190503085659
20190503093013
20190503104500
20190503191841
20190503200051
20190503205636
20190503213030
20190503224416
20190503231050
20190503231413
20190504032051
20190504080336
20190504090056
20190504092959
20190504104421
20190504124722
20190504191544
20190504194547
20190504194713
20190504205804
20190504213036
20190504224411
20190504233131
20190505080244
20190505085627
20190505093019
20190505104500
20190505105914
20190505105944
20190505173136
20190505191515
20190505205157
20190505212958
20190505224356
20190505231447
20190506080245
20190506085025
20190506092954
20190506104453
20190506120620
20190506150616
20190506174941
20190506175130
20190506175704
20190506175910
20190506180154
20190506191811
20190506205238
20190506213041
20190506224544
20190506231538
20190507080454
20190507090700
20190507093020
20190507104447
20190507170335
20190507191843
20190507201344
20190507205110
20190507213230
20190507213533
20190507224526
20190507231931
20190508002027
20190508080420
20190508093027
20190508094056
20190508104546
20190508191447
20190508202550
20190508211543
20190508213043
20190508221219
20190508224447
20190508231342
20190509080421
20190509085454
20190509093015
20190509104437
20190509155911
20190509191436
20190509205258
20190509213025
20190509224503
20190509231304
20190510080440
20190510084814
20190510093000
20190510104401
20190510173020
20190510183506
20190510192218
20190510205205
20190510213110
20190510224452
20190510231619
20190511080442
20190511085207
20190511093005
20190511104421
20190511192022
20190511204817
20190511212957
20190511224428
20190511231725
20190512080343
20190512085312
20190512093010
20190512104418
20190512111703
20190512192517
20190512205008
20190512213005
20190512224417
20190512232004
20190513080420
20190513084749
20190513092959
20190513102429
20190513104406
20190513150731
20190513191546
20190513205058
20190513213044
20190513224449
20190513231223
20190514080437
20190514085350
20190514093040
20190514104500
20190514121937
20190514184356
20190514192121
20190514201607
20190514205837
20190514213319
20190514224733
20190514232751
20190515000927
20190515080432
20190515085405
20190515092328
20190515093038
20190515104440
20190515140333
20190515191815
20190515202455
20190515205518
20190515211944
20190515213130
20190515224532
20190515231225
20190516080420
20190516084914
20190516093025
20190516102625
20190516104438
20190516191609
20190516203531
20190516205108
20190516213040
20190516224439
20190516231457
20190517080400
20190517083053
20190517084920
20190517093001
20190517104400
20190517185930
20190517191548
20190517205224
20190517213024
20190517224424
20190517231357
20190518080340
20190518085247
20190518093013
20190518104406
20190518161621
20190518191446
20190518203633
20190518204818
20190518213017
20190518224439
20190518231150
20190519070036
20190519080300
20190519092331
20190519093026
20190519104416
20190519191509
20190519205655
20190519212959
20190519224352
20190519231304
20190520061326
20190520080306
20190520082638
20190520091304
20190520092955
20190520104427
20190520164354
20190520191453
20190520204900
20190520205429
20190520213047
20190520224438
20190520231202
20190521080233
20190521085019
20190521092008
20190521093012
20190521104401
20190521191532
20190521201310
20190521205448
20190521213130
20190521224516
20190521231333
20190522001250
20190522080311
20190522085358
20190522093046
20190522104517
20190522120956
20190522191500
20190522194223
20190522202527
20190522210034
20190522211613
20190522213113
20190522224533
20190522231404
20190523080310
20190523084941
20190523091727
20190523092957
20190523104355
20190523191514
20190523205941
20190523213003
20190523224638
20190523231320
20190524080409
20190524085101
20190524092939
20190524104345
20190524124839
20190524191444
20190524205421
20190524224433
20190524231649
20190524231957
20190525080329
20190525085424
20190525091707
20190525092952
20190525102213
20190525104401
20190525191853
20190525205435
20190525213011
20190525224429
20190525231724
20190526061422
20190526080220
20190526084409
20190526085308
20190526092954
20190526104440
20190526205319
20190526213008
20190526224439
20190526231259
20190527061813
20190527080402
20190527085132
20190527093008
20190527104336
20190527105246
20190527205142
20190527212958
20190527224346
20190527231201
20190528061848
20190528080239
20190528085247
20190528104356
20190528130948
20190528160931
20190528201302
20190528202714
20190528205901
20190528213117
20190528224422
20190528231226
20190528234418
20190529061840
20190529080241
20190529085327
20190529093003
20190529104350
20190529162110
20190529202433
20190529205313
20190529210615
20190529213001
20190529224458
20190529231246
20190530060918
20190530080254
20190530085630
20190530092940
20190530104353
20190530140127
20190530151912
20190530205313
20190530213011
20190530224407
20190530231308
20190531061552
20190531080221
20190531084925
20190531092936
20190531104344
20190531110041
20190531205228
20190531213008
20190531224408
20190531231043
20190601061629
20190601080304
20190601085254
20190601092943
20190601093757
20190601104337
20190601205130
20190601212941
20190601224348
20190601231155
20190602061329
20190602080226
20190602085102
20190602092943
20190602104334
20190602165953
20190602203956
20190602204723
20190602205317
20190602212941
20190602224342
20190602231206
20190603061751
20190603080254
20190603092900
20190603093014
20190603104334
20190603205306
20190603212948
20190603224343
20190603231354
20190604063149
20190604080308
20190604085310
20190604093227
20190604105659
20190604201323
20190604205533
20190604213031
20190604232315
20190605003036
20190605031043
20190605085215
20190605104454
20190605111630
20190605161654
20190605163731
20190605173846
20190605204330
20190605205350
20190605213401
20190605223529
20190605224415
20190605231214
20190606062015
20190606080224
20190606084956
20190606093324
20190606104357
20190606150520
20190606221036
20190606221854
20190606224418
20190606231412
20190607061550
20190607080237
20190607085738
20190607093019
20190607104359
20190607210539
20190607214921
20190608005325
20190608011259
20190608015856
20190608062357
20190608080259
20190608085257
20190608093042
20190608104356
20190608205140
20190608213217
20190608224512
20190608231739
20190609062519
20190609080343
20190609084942
20190609093008
20190609104442
20190609205145
20190609213038
20190609224415
20190609231135
20190610062020
20190610080337
20190610093008
20190610094410
20190610104359
20190610205445
20190610213004
20190610224414
20190610231153
20190611061037
20190611080247
20190611085110
20190611093011
20190611104426
20190611201333
20190611205354
20190611213020
20190611224426
20190611231355
20190612002410
20190612063139
20190612074225
20190612080221
20190612085038
20190612093016
20190612104358
20190612202925
20190612205055
20190612210309
20190612212958
20190612223519
20190612224355
20190612231131
20190613062024
20190613080226
20190613085313
20190613092944
20190613104351
20190613205152
20190613213111
20190613224423
20190613231929
20190613232255
20190614005333
20190614062319
20190614080214
20190614084845
20190614092944
20190614104354
20190614120728
20190614205408
20190614213018
20190614224406
20190614231204
20190615050326
20190615061737
20190615080221
20190615085328
20190615092945
20190615104417
20190615205127
20190615212956
20190615224356
20190615231236
20190616043614
20190616061610
20190616080343
20190616085235
20190616092959
20190616104355
20190616120344
20190616205224
20190616212949
20190616224357
20190616231305
20190617031506
20190617061908
20190617080154
20190617085416
20190617092949
20190617104353
20190617170407
20190617205742
20190617213039
20190617224525
20190617231145
20190618061331
20190618071432
20190618080227
20190618084903
20190618092954
20190618104344
20190618201404
20190618203704
20190618205426
20190618213044
20190618224522
20190618231330
20190619001407
20190619061134
20190619073138
20190619080222
20190619085136
20190619093035
20190619095925
20190619104400
20190619202713
20190619205452
20190619211748
20190619213026
20190619224355
20190619231124
20190620061414
20190620080226
20190620085448
20190620092945
20190620104348
20190620164716
20190620202732
20190620205123
20190620213030
20190620224419
20190620231220
20190621062215
20190621080253
20190621085041
20190621091816
20190621092952
20190621104406
20190621181039
20190621205333
20190621213006
20190621224408
20190621231955
20190622061705
20190622080431
20190622084958
20190622092955
20190622104350
20190622205128
20190622212940
20190622224350
20190622231101
20190623062512
20190623080220
20190623085132
20190623092940
20190623104347
20190623123413
20190623130916
20190623134611
20190623180905
20190623205149
20190623212949
20190623220330
20190623224343
20190623231047
20190624062146
20190624080227
20190624085412
20190624092941
20190624104340
20190624205537
20190624213001
20190624224411
20190624231803
20190625215429
20190625215631
20190625215701
20190625220152
20190625220426
20190625222021
20190625224656
20190625232144
20190625235101
20190626061252
20190626080222
20190626085214
20190626092944
20190626104353
20190626202443
20190626205251
20190626210133
20190626213023
20190626224357
20190626231346
20190627061423
20190627080231
20190627085720
20190627092944
20190627104350
20190627205033
20190627213050
20190627224419
20190627231436
20190628063017
20190628080237
20190628085128
20190628092953
20190628104346
20190628202718
20190628202728
20190628205709
20190628213030
20190628224427
20190628231456
20190629062030
20190629080224
20190629085525
20190629093004
20190629104357
20190629204943
20190629213003
20190629224401
20190629231310
20190630061305
20190630080159
20190630085148
20190630092946
20190630104344
20190630192749
20190630205158
20190630212950
20190630224343
20190630231124
20190701012046
20190701061749
20190701080226
20190701085144
20190701092940
20190701104346
20190701205426
20190701211007
20190701213139
20190701220600
20190701224633
20190701231303
20190702061222
20190702080210
20190702085248
20190702092958
20190702104347
20190702162020
20190702170059
20190702201331
20190702204543
20190702205228
20190702212958
20190702221027
20190702224429
20190702231606
20190703001451
20190703025626
20190703041743
20190703061856
20190703080300
20190703084936
20190703093004
20190703104414
20190703202639
20190703204122
20190703205534
20190703213041
20190703224416
20190703231736
20190704000304
20190704004757
20190704061436
20190704080303
20190704085220
20190704093019
20190704104414
20190704194543
20190704205712
20190704213003
20190704224359
20190704231137
20190705061348
20190705061928
20190705080243
20190705084926
20190705092954
20190705104342
20190705204930
20190705212949
20190705224403
20190705231506
20190706052911
20190706062610
20190706080208
20190706085213
20190706092952
20190706104356
20190706150517
20190706205248
20190706212951
20190706224349
20190706231249
20190707033315
20190707061717
20190707080237
20190707085319
20190707092940
20190707104404
20190707205102
20190707212958
20190707224403
20190707231514
20190708041130
20190708061144
20190708080225
20190708084940
20190708092946
20190708104348
20190708204937
20190708212950
20190708224352
20190708231301
20190709053425
20190709061524
20190709080217
20190709085146
20190709092945
20190709104359
20190709201349
20190709205210
20190709213015
20190709224547
20190709231503
20190710001330
20190710062756
20190710080234
20190710085907
20190710093019
20190710102619
20190710104410
20190710121920
20190710165622
20190710202610
20190710205000
20190710210741
20190710213135
20190710224442
20190710231255
20190711020521
20190711062417
20190711080220
20190711085223
20190711092955
20190711104400
20190711134358
20190711204955
20190711213015
20190711224534
20190711231316
20190712062521
20190712080247
20190712085052
20190712092957
20190712104358
20190712205601
20190712213037
20190712224424
20190712231158
20190713063444
20190713080210
20190713085635
20190713092941
20190713104345
20190713205042
20190713212944
20190713224343
20190713231204
20190714062026
20190714080229
20190714085124
20190714092948
20190714104352
20190714120959
20190714205534
20190714212950
20190714224338
20190714231340
20190715061812
20190715080226
20190715085031
20190715092949
20190715104344
20190715205812
20190715212950
20190715224404
20190715231045
20190716012100
20190716062818
20190716074153
20190716080239
20190716085145
20190716092951
20190716104358
20190716201336
20190716205018
20190716213033
20190716224410
20190716231716
20190717003002
20190717061434
20190717080311
20190717085202
20190717085427
20190717092946
20190717104346
20190717202551
20190717205143
20190717205643
20190718001303
20190718085558
20190718093552
20190718203607
20190718204857
20190719084913
20190719153404
20190719205541
20190720085046
20190720130957
20190720150852
20190720164333
20190720202505
20190720205040
20190721084809
20190721161559
20190721205201
20190722082813
20190722085048
20190722195649
20190722204855
20190723084929
20190723205751
20190724014402
20190724043627
20190724085418
20190724202443
20190724203605
20190724205051
20190724205208
20190725015128
20190725024712
20190725084949
20190725094524
20190725205432
20190726085638
20190726211850
20190727053056
20190727053530
20190727053532
20190727053812
20190727053817
20190727085747
20190727204805
20190727223205
20190728085236
20190729124440
20190729192133
20190729192150
20190729205357
20190730085323
20190730205548
20190731085037
20190731202653
20190731204407
20190731205227
20190801085054
20190801205657
20190802085308
20190802170119
20190802204456
20190802205003
20190803085313
20190803205211
20190804085120
20190804173108
20190804205456
20190805085029
20190805204950
20190805231955
20190806085057
20190806114010
20190806151216
20190806205157
20190807084941
20190807202822
20190807205808
20190807211400
20190808085250
20190808205615
20190809085054
20190809205315
20190809210206
20190810084850
20190810205059
20190811085034
20190811204941
20190812084924
20190812205353
20190813085550
20190813205425
20190814085036
20190814121536
20190814202458
20190814204326
20190814205256
20190815085339
20190815210040
20190816085140
20190816094630
20190816205200
20190818210041
20190819161621
20190819162053
20190819205715
20190820011052
20190820085205
20190820202532
20190820205352
20190821085057
20190821201821
20190821202510
20190821205100
20190821205956
20190821230743
20190821234431
20190822085034
20190822205037
20190823084954
20190823205309
20190824085237
20190824205253
20190825084948
20190825205303
20190826011444
20190826084940
20190826205059
20190827084853
20190827205915
20190828085110
20190828215812
20190828215836
20190828220045
20190828220211
20190828220415
20190828222015
20190829084954
20190829205624
20190830085335
20190830205136
20190831085352
20190831205143
20190901042638
20190901085215
20190901205353
20190902054348
20190902085520
20190902170324
20190902204629
20190902211557
20190903073821
20190903092037
20190903210913
20190904065055
20190904090416
20190904203712
20190904212756
20190904214916
20190905000315
20190905074855
20190905090656
20190906102448
20190907130825
20190911202421
20190911205842
20190918221403
20190918221408
20190918224654
20190920164303
20190920204641
20190922200650
20190923040932
20190925202418
20190925205338
20190926160051
20190927174929
20190928202415
20191001000339
20191002142701
20191002170011
20191002202526
20191002204900
20191002205639
20191009202444
20191009204009
20191012045927
20191016202509
20191016203344
20191018203704
20191020164251
20191023202509
20191023203947
20191024203644
20191028214639
20191030202656
20191030203723
20191102204454
20191103055359
20191106202440
20191106203622
20191111193354
20191113023649
20191113204112
20191113205856
20191118203738
20191119153911
20191120202617
20191120203728
20191125200807
20191125223901
20191125232217
20191126023315
20191126172242
20191127203008
20191127210100
20191128202719
20191128203444
20191202204858
20191204042653
20191204202612
20191204204056
20191205163720
20191207105530
20191209192708
20191210142524
20191211202557
20191211203606
20191213182301
20191218202506
20191218203020
20191218203605
20191218203658
20191225051452
20191225202655
20191225203500
20191228202436
20191228202555
20200101202458
20200101203901
20200102204536
20200108164917
20200108202531
20200108203531
20200110035913
20200111071941
20200115165028
20200115202536
20200115203846
20200118205231
20200122172205
20200122234635
20200124210837
20200128033016
20200129030545
20200129142750
20200129205304
20200129231325
20200130113843
20200130200248
20200131142137
20200201153410
20200205211643
20200206233716
20200207212349
20200212231118
20200214072854
20200218205027
20200219181157
20200220045540
20200226170502
20200226213604
20200304224831
20200308045724
20200311025756
20200311205248
20200311210706
20200313043444
20200314022925
20200315023832
20200316025138
20200316031847
20200316234236
20200317025032
20200318032536
20200318211259
20200319030937
20200319032345
20200320005352
20200320025925
20200320111459
20200321043453
20200322042555
20200323025312
20200323150311
20200324033133
20200324211920
20200324212301
20200324234108
20200325030227
20200325195851
20200325200541
20200326041837
20200326170256
20200327011013
20200327033731
20200328060624
20200329012829
20200329042436
20200330010042
20200330022555
20200330073437
20200331023418
20200331032639
20200331210549
20200401034718
20200401050119
20200401204026
20200402101617
20200403043504
20200403094620
20200404051525
20200404051752
20200405010648
20200405035024
20200406003141
20200407011855
20200407012519
20200407043507
20200407083304
20200408034516
20200408040653
20200409005425
20200409022053
20200409081519
20200410025738
20200410055003
20200411020352
20200411032801
20200411203603
20200412022211
20200413005601
20200413024332
20200414015454
20200414032456
20200415035839
20200415053700
20200415131012
20200416051254
20200416055919
20200416094859
20200416225319
20200417105018
20200417232818
20200418115654
20200418144557
20200418151614
20200418232442
20200418233338
20200418235002
20200419002530
20200419023451
20200419043424
20200420012126
20200420031521
20200421033919
20200422024015
20200422074943
20200422102621
20200423050920
20200423051807
20200423111802
20200423113248
20200423125421
20200424113944
20200424150859
20200425084150
20200425125215
20200426005800
20200426044353
20200427011950
20200427063230
20200427124649
20200427144843
20200428024241
20200429020923
20200429031226
20200430021603
20200430022603
20200430041843
20200430064605
20200430064715
20200430075252
20200430094245
20200430142643
20200501011822
20200501040405
20200501083526
20200501144705
20200502013904
20200502044936
20200502055620
20200502123537
20200502221011
20200502230550
20200503012141
20200503023242
20200503214146
20200504012812
20200504054848
20200504174955
20200504231125
20200504234703
20200504234959
20200505001313
20200505012424
20200505030647
20200505165943
20200505181945
20200505215223
20200506015307
20200506022633
20200506044738
20200506162659
20200506220624
20200506232130
20200507005808
20200507030034
20200507032208
20200507194122
20200507235018
20200508022317
20200508043914
20200508211208
20200509011034
20200509023344
20200509060327
20200509230623
20200510004642
20200510034954
20200510062455
20200510220750
20200510224312
20200511012610
20200511030606
20200511230810
20200512013603
20200512040014
20200512051035
20200512225549
20200513001919
20200513021231
20200513042624
20200513075234
20200513125933
20200513191455
20200513200941
20200513213315
20200514012505
20200514030619
20200514030901
20200514031939
20200514202242
20200514202243
20200514234412
20200515003019
20200515031240
20200515033048
20200515054926
20200515071017
20200515121257
20200515221410
20200516012143
20200516014158
20200516035111
20200516082645
20200516211429
20200517021133
20200517035918
20200517131042
20200517210830
20200518014146
20200518032135
20200518121846
20200518205157
20200519015536
20200519024509
20200519142620
20200519175204
20200519212423
20200520014706
20200520044528
20200520124128
20200520220249
20200520234350
20200521000000
20200521031708
20200521041716
20200521121114
20200521134424
20200521224325
20200522022731
20200522040048
20200522220432
20200523024306
20200523063321
20200523205543
20200524011352
20200524043948
20200524204848
20200525032843
20200525205914
20200526013319
20200526040859
20200526134704
20200526221536
20200526235055
20200527045632
20200527103656
20200527155201
20200527211751
20200527221008
20200527225353
20200527225947
20200527231519
20200528025205
20200528103318
20200528205955
20200529025151
20200529055206
20200529190321
20200529210006
20200529223238
20200529230541
20200530013807
20200530035524
20200530210134
20200531011916
20200531015808
20200531022909
20200531204456
20200601071914
20200601214403
20200602054921
20200602113201
20200602153445
20200602223500
20200603034231
20200603035422
20200604035109
20200604051749
20200604093451
20200604173003
20200605024902
20200605082910
20200605153147
20200605153945
20200605165420
20200605223057
20200605223226
20200606035218
20200606044139
20200606222032
20200607051558
20200607073632
20200607224246
20200607231849
20200607232409
20200608034019
20200608195309
20200608220810
20200608234817
20200609010034
20200609031608
20200610011740
20200610022057
20200610225423
20200611063044
20200611072339
20200612004352
20200613023042
20200613114217
20200613222219
20200613234420
20200614225034
20200615212400
20200616001237
20200616150915
20200616235715
20200617100155
20200617235100
20200617235511
20200618004623
20200618213528
20200619005647
20200620012639
20200620151636
20200621010122
20200621225155
20200622125814
20200622142257
20200623042829
20200624040359
20200625054023
20200625064039
20200626043744
20200626144535
20200627000406
20200627035020
20200627040017
20200627225303
20200628040240
20200628212845
20200630005851
20200630060326
20200630072857
20200701002059
20200701051554
20200702040031
20200702044922
20200702105217
20200702225651
20200703012535
20200704010128
20200704194039
20200704224310
20200705014909
20200705094047
20200705225126
20200707011323
20200707013633
20200707220805
20200707230647
20200708225721
20200708230406
20200708231933
20200708233514
20200709210423
20200709224700
20200710001639
20200710080349
20200710204943
20200710230410
20200711025633
20200711213524
20200711215651
20200712225213
20200713000139
20200713060404
20200713192328
20200714014611
20200714193553
20200715063155
20200716045723
20200716092118
20200716125935
20200716190519
20200716201403
20200716233848
20200717044812
20200717134438
20200717222323
20200717231356
20200718041253
20200718051905
20200718231136
20200719222823
20200720194833
20200721003319
20200721211104
20200721231709
20200721231710
20200721231712
20200722023807
20200722221403
20200722230952
20200724011417
20200724212546
20200724225207
20200725000030
20200725032243
20200725191311
20200725233356
20200726230736
20200728013546
20200729025707
20200730005827
20200730015243
20200730020830
20200730031153
20200731043346
20200731123146
20200801020510
20200801021101
20200802011051
20200802065018
20200803002853
20200803203632
20200804033004
20200805005724
20200805201722
20200805214938
20200806000807
20200806224837
20200807184650
20200807201008
20200807210239
20200808030207
20200808235656
20200809190350
20200809230100
20200810023716
20200810192257
20200810214130
20200810233301
20200811231540
20200812215503
20200812215832
20200812230923
20200813055747
20200813072824
20200813210032
20200813223425
20200815004941
20200815165823
20200815223749
20200816190653
20200816220043
20200818005219
20200818220642
20200819134440
20200819220354
20200819224034
20200819234435
20200820192812
20200820224111
20200822022631
20200823000305
20200823235520
20200824224417
20200825192123
20200825221942
20200826200819
20200827002608
20200827013626
20200827014346
20200827105146
20200827194935
20200828011823
20200829015744
20200829054056
20200829232254
20200829235333
20200830194252
20200830223035
20200831181529
20200831211612
20200901214129
20200902223211
20200903081444
20200903220921
20200903235513
20200904202145
20200905051609
20200905185322
20200905213016
20200906042400
20200906203222
20200907203003
20200907205503
20200908052931
20200908080752
20200908215755
20200908231148
20200909222433
20200910180009
20200911004510
20200911015138
20200911205704
20200911220142
20200912074614
20200912160530
20200912201137
20200912211744
20200912225331
20200913080052
20200913191008
20200913193150
20200914075837
20200914204112
20200915031850
20200915090425
20200915201855
20200916215830
20200916222621
20200917162123
20200917180912
20200917211428
20200918173036
20200918205810
20200918205940
20200918224611
20200919203458
20200920184242
20200920201352
20200921092553
20200921184737
20200921201133
20200922080523
20200922210947
20200923200636
20200924000938
20200924185030
20200924185702
20200924185854
20200924190720
20200924191407
20200924200901
20200924201535
20200924231621
20200924231636
20200924231647
20200924231710
20200924231743
20200924231750
20200924232047
20200924232048
20200924232321
20200924232417
20200924232608
20200925000022
20200925000438
20200925001105
20200925004321
20200925051340
20200925051700
20200925070023
20200925070024
20200925070025
20200925072659
20200925120104
20200925125502
20200925132938
20200925210137
20200925211004
20200926043412
20200926203625
20200927193006
20200928195340
20200928223059
20200929074011
20200929114652
20200929192545
20200929215100
20200930051333
20200930191334
20200930214654
20201001050007
20201001053108
20201001201307
20201001231830
20201002001520
20201002012338
20201002113927
20201002204406
20201002221105
20201003212732
20201004042917
20201004203456
20201005202520
20201006035231
20201006213035
20201007091557
20201007181535
20201007201032
20201007230408
20201007232125
20201008034411
20201008214830
20201008221449
20201009023551
20201009051249
20201009182041
20201009212112
20201010125513
20201010203246
20201010231524
20201011013941
20201011055701
20201011191926
20201011202814
20201012012508
20201012185423
20201012215328
20201012225540
20201013205145
20201014013112
20201014201647
20201014211205
20201014214415
20201015022813
20201015222539
20201016113451
20201016161121
20201016200612
20201017070037
20201017154941
20201017203751
20201018045509
20201018204847
20201019031418
20201019204332
20201020194427
20201020214117
20201022011327
20201022020452
20201022043201
20201022155357
20201023013230
20201023091424
20201024031057
20201024221258
20201025083434
20201025110907
20201025201453
20201026094058
20201027063404
20201027125027
20201027125028
20201027170833
20201027181617
20201028025008
20201028124009
20201028155848
20201028213223
20201029040714
20201029213546
20201029215858
20201030011848
20201030182522
20201030192002
20201030222925
20201031131552
20201031133308
20201031200311
20201031231919
20201031233619
20201101020150
20201101052007
20201101084622
20201101121326
20201101194637
20201102211844
20201102224300
20201103001506
20201104000501
20201104034942
20201104171113
20201104215335
20201105020409
20201105032239
20201105144900
20201105162631
20201105225146
20201106013624
20201106094623
20201106231006
20201107014148
20201107024932
20201107132523
20201107205257
20201108023408
20201108213210
20201109223140
20201110205227
20201111041225
20201111062508
20201111212321
20201112020156
20201112024950
20201112233705
20201113004931
20201113020636
20201113025702
20201113062305
20201114022359
20201114042219
20201114132607
20201114153805
20201114222117
20201115012645
20201115112026
20201115205616
20201116014556
20201116182738
20201116190642
20201116195720
20201116221013
20201117204640
20201118194820
20201118214622
20201118224234
20201119055524
20201119064046
20201119195637
20201119224319
20201120152022
20201120220813
20201121205008
20201122080248
20201122114824
20201122221352
20201122230806
20201123070034
20201123205520
20201123225953
20201124021209
20201124221115
20201125034537
20201125045157
20201125121336
20201125210139
20201125215257
20201125215549
20201126020617
20201126210205
20201126221107
20201127081946
20201127123514
20201128000443
20201128205758
20201129091649
20201129092609
20201129175441
20201129205551
20201129211711
20201129212046
20201130011546
20201130144133
20201130204231
20201201222347
20201202003924
20201202031413
20201202042650
20201203010347
20201203024115
20201203033233
20201203055349
20201203090925
20201203232536
20201204031418
20201204102040
20201204170331
20201204181623
20201204191754
20201204220548
20201204225800
20201205024023
20201205201935
20201205203210
20201205214628
20201206084203
20201206125527
20201206191934
20201206195949
20201207103604
20201207161503
20201207211741
20201207235734
20201208034125
20201208113026
20201208130628
20201208133138
20201208152839
20201208193740
20201209161637
20201209223810
20201210011957
20201210035730
20201210220506
20201210235323
20201211094136
20201212001552
20201212222104
20201213002709
20201213160513
20201214012208
20201214210235
20201215033331
20201215200146
20201215222809
20201216190443
20201216231058
20201216232201
20201217021202
20201217033718
20201217105632
20201217230421
20201217231829
20201218022625
20201218044913
20201218110245
20201218140410
20201218204513
20201218205904
20201218221947
20201218225859
20201218230550
20201219043458
20201219110155
20201219230519
20201219230758
20201220041249
20201220105751
20201220111934
20201220225647
20201221001826
20201221010545
20201221032631
20201221110027
20201221171734
20201221184445
20201221225336
20201221225806
20201222001347
20201222001624
20201222032052
20201222105431
20201222185046
20201222225815
20201222230812
20201223003927
20201223025315
20201223105417
20201223142330
20201223230013
20201223233301
20201224050336
20201224105719
20201224214416
20201224225814
20201224230229
20201225032537
20201225105909
20201225205955
20201225221908
20201225225500
20201225225610
20201226010205
20201226032250
20201226033015
20201226092256
20201226105537
20201226175752
20201226230052
20201226230119
20201227023046
20201227105548
20201227163502
20201227225633
20201227230424
20201228023336
20201228105428
20201228171312
20201228225755
20201228230156
20201229024854
20201229105935
20201229212951
20201229230021
20201229231540
20201230034130
20201230110616
20201230225515
20201230225735
20201230230055
20201231031802
20201231105835
20201231213822
20201231225315
20201231225758
20210101015723
20210101105516
20210101222003
20210101225819
20210101230056
20210102022850
20210102032246
20210102111349
20210102212543
20210102230059
20210102230836
20210103025158
20210103105621
20210103225808
20210103230236
20210103235954
20210104032102
20210104105810
20210104171150
20210104230001
20210104230221
20210105001102
20210105032416
20210105105648
20210105183444
20210105225804
20210105230213
20210105235259
20210106031738
20210106082431
20210106105757
20210106164345
20210106225230
20210106230405
20210106232404
20210107011012
20210107043528
20210107070840
20210107095858
20210107110052
20210107225614
20210107225924
20210108023529
20210108105737
20210108193928
20210108222259
20210108230034
20210108231212
20210108235533
20210109004944
20210109025130
20210109062938
20210109105644
20210109183414
20210109185018
20210109225628
20210109225802
20210110032116
20210110100658
20210110105829
20210110135745
20210110174155
20210110223347
20210110230041
20210110230129
20210111001613
20210111020738
20210111104337
20210111105552
20210111164842
20210111170846
20210111230340
20210112001620
20210112014120
20210112022811
20210112035921
20210112064350
20210112080808
20210112153904
20210112223624
20210112233130
20210113031741
20210114003334
20210114013458
20210114020414
20210115024216
20210115220836
20210116023116
20210117024748
20210118034219
20210118035502
20210118050838
20210118171801
20210119000351
20210119015546
20210119021454
20210119124806
20210119155951
20210120041218
20210121000219
20210121030141
20210121040250
20210121221350
20210122024650
20210122222154
20210123032655
20210124020054
20210124204942
20210125015650
20210125171144
20210125175723
20210126022210
20210126125900
20210127023131
20210127232419
20210128021753
20210128073149
20210128113913
20210129021129
20210129072140
20210129212856
20210129222308
20210130030113
20210130103908
20210130131025
20210130172630
20210131031205
20210131120033
20210131152146
20210201025037
20210201130644
20210201171513
20210202020146
20210202155127
20210203033322
20210203061440
20210204012601
20210204031537
20210205025359
20210205221056
20210205235325
20210206024441
20210207024140
20210207192919
20210208025807
20210208170839
20210209022823
20210209023148
20210210015730
20210210223626
20210211011643
20210211025811
20210212022915
20210212213440
20210213020213
20210213083425
20210214015640
20210215022324
20210215171451
20210215211508
20210216020327
20210217030407
20210217221952
20210218023552
20210219021922
20210220141939
20210221020401
20210222015518
20210222171244
20210223020353
20210224032757
20210224034432
20210224173029
20210225011047
20210225044232
20210226025422
20210226221425
20210228022501
20210228213319
20210301025923
20210301164057
20210301171836
20210301193928
20210302023037
20210302033503
20210303023955
20210303144000
20210304033610
20210304220612
20210305044323
20210305185140
20210306040109
20210307022936
20210308014956
20210308071132
20210308171536
20210309041250
20210310174155
20210311001655
20210311201328
20210312022550
20210312070843
20210312212708
20210312231828
20210313000811
20210313032301
20210314060601
20210315022216
20210315043223
20210317222935
20210320171716
20210325031445
20210325202144
20210328103852
20210331000740
20210331155713
20210413060348
20210413072703
20210413072756
20210413105530
20210414191424
20210416232205
20210419201842
20210422073515
20210423070604
20210424010245
20210425014306
20210426043019
20210426062244
20210428235157
20210508191116
20210512144938
20210517095842
20210520230850
